2           2           1           1
3           3           1           1
4           3           1           1
1           4           2           1
4           4           2           1
1           5           1           1
2           5           1           1
3           5           1           1
5           5           2           1
1           10          1           1
3           1           1           2
1           2           2           2
5           3           1           2
2           10          2           2
1           1           2           3
3           10          2           3
3           4           2           4
2           4           2           5
5           4           2           5
4           1           2           6
2           1           2           7
5           1           2           7
3           2           1           7
4           2           1           7
5           2           2           7
1           3           1           7
2           3           1           7
4           5           1           7
4           10          2           7
5           10          2           7
2           6           1           8
3           6           1           8
4           7           1           8
5           7           2           8
1           8           1           9
2           8           1           9
3           8           1           9
5           8           1           9
4           8           2           9
1           9           1           9
4           9           1           9
5           9           1           9
2           9           2           9
3           9           2           9
