1           3           2
2           4           2
6           3           1
7           5           2
11          2           2
12          2           2
14          1           2
19          1           2
24          5           1
30          2           1
31          5           1
32          5           2
35          1           1
42          1           1
51          4           2
53          5           2
56          3           2
58          1           1
60          1           2
61          1           2
68          4           1
70          3           2
76          4           2
78          4           2
84          5           2
88          4           2
91          1           1
101         4           1
103         4           1
107         4           2
109         3           2
110         1           2
113         5           1
124         3           2
125         2           2
137         3           2
138         5           2
143         3           2
145         3           2
148         5           2
164         5           1
165         3           1
176         2           2
180         2           2
182         4           2
205         5           1
206         2           1
210         1           2
223         2           2
231         3           2
254         1           2
269         5           2
285         3           2
287         5           2
289         2           2
293         4           2
299         4           2
302         2           2
309         1           2
315         1           2
322         4           1
325         3           1
339         3           1
341         1           1
344         2           2
355         1           1
356         3           1
359         2           1
362         4           1
368         4           2
